%YAML:1.0
features:
 - {x:-1.771,  y:-0.493, z:0.767 ,w:0.642}
 - {x:-1.066,  y:2.249, z:0.759 ,w:0.650}
 - {x:-2.629,  y:3.737, z:0.979 ,w:0.204}
 - {x:-0.449,  y:5.015, z:0.712 ,w:0.702}
 - {x:-0.493,  y:7.386, z:0.736 ,w:0.677}
 - {x:-3.559,  y:1.695, z:0.517 ,w:0.856}
 - {x:-5.743,  y:1.209, z:0.793 ,w:0.609}
 - {x:-2.120,  y:3.379, z:0.924 ,w:0.382}
 - {x:-8.43,  y:7.666, z:0.710 ,w:0.704}
 - {x:-7.116,  y:6.588, z:0.716 ,w:0.698}
 - {x:-2.039,  y:13.429, z:0.944 ,w:0.329}
 - {x:-5.212,  y:15.727, z:-0.862 ,w:0.506}

