%YAML:1.0
features:
 - {x:-1.00,  y:2.40, z:0.836, w:0.549}
 - {x:-2.90,  y:3.73, z:0.904, w:0.427}
 - {x:-0.70,  y:4.94, z:0.669, w:0.743}
 - {x:-0.40,  y:7.15, z:0.65, w:0.76}
 - {x:-5.38,  y:10.56, z:-0.99, w:0.14}
 - {x:-7.40,  y:9.44, z:0.669, w:0.743}
 - {x:-7.86,  y:7.15, z:0.669, w:0.743}
 - {x:-6.89,  y:12.00, z:0.8117, w:0.5840}
 - {x:-6.89,  y:12.00, z:-0.520, w:0.854}
 - {x:-7.86,  y:7.15, z:-0.626, w:0.780}
 - {x:-7.40,  y:9.44, z:-0.626, w:0.780}
 - {x:-5.38,  y:10.56, z:-0.473, w:0.881}
 - {x:-0.40,  y:7.15, z:-0.65, w:0.759}
 - {x:-0.70,  y:4.94, z:-0.6779, w:0.627}
 - {x:-2.90,  y:3.73, z:-0.982, w:0.187}
 - {x:-1.00,  y:2.40, z:-0.479, w:0.878}
 - {x:0.528,  y:-0.138, z:-0.458, w:0.889}
 - {x:-8.35,  y:13.17, z:0.289, w:0.957}
 - {x:-5.85,  y:15.90, z:0.289, w:0.957}
 - {x:-9.138,  y:14.22, z:0.289, w:0.957}
 - {x:-8.30,  y:13.11, z:0.289, w:0.957}
 - {x:-5.80,  y:15.85, z:0.289, w:0.957}
 - {x:-9.15,  y:14.15, z:0.289, w:0.957}
 - {x:-7.475,  y:15.0, z:0.289, w:0.957} 
 - {x:-7.45,  y:14.9, z:0.289, w:0.957}
